-0.989319 -0.975585 0.0906705 0.834529 -0.0183416 -0.213904 -0.510727 -0.533433 -0.0350658 -0.892026
0.978149 0.828059 -0.17777 -0.286698 -0.577418 0.697585 0.573252 -0.16306 -0.124058 0.200964
-0.456343 0.63152 1.58194 0.772975 -0.22907 -0.360299 -0.403269 -0.488224 -0.789727 -0.773247
0.842219 -0.0104498 1.25324 0.484791 -0.447441 0.97112 0.0610202 0.911609 -0.361511 0.193579
1.09663 0.756411 1.08894 0.139054 -0.0643971 0.145509 -0.254804 0.70345 0.180921 -0.240558
-0.111306 0.283181 -0.208444 -0.404824 -0.24509 1.23292 0.930361 0.365046 -0.683466 0.506493
-0.349524 -1.29502 -0.202274 0.893622 -0.584441 -1.06437 -0.16747 -0.415058 -0.185385 -1.21304
0.0798669 0.257823 -0.75526 0.240667 -0.923309 0.0354277 0.313616 -0.478466 -0.856666 -1.23856
-0.474645 -1.29861 -1.53746 -0.666494 0.41088 0.667377 0.504591 -1.48316 -0.853999 0.296769
-1.01836 -0.14843 -0.659807 -1.42793 0.103559 -1.21448 0.827439 -0.391868 0.787286 -0.984093
0.842412 -0.207509 -0.00701621 -0.399053 -0.305464 -0.485016 -1.16123 -0.51468 1.1318 -0.745396
0.757265 -0.0586724 -1.18234 0.290276 0.495445 -1.18168 0.172742 -0.665573 -0.0384658 0.742682
0.634449 -0.0946706 0.410622 0.531466 -0.0836229 -0.972322 -0.958955 -0.188601 0.850928 1.08578
-0.0841395 0.976684 -0.323208 0.000838649 -0.200278 -0.162985 -1.38623 -0.603902 1.36492 1.34938
0.0282296 -0.589343 -0.950621 0.165216 0.291135 0.00572588 0.267697 -0.643788 0.660911 1.12528
0.569201 0.590686 0.204566 -0.5562 -0.865535 -0.117038 -0.961852 -0.216224 0.674123 0.339518
&
0.180761 -0.395306 -0.88995 0.402142 0.682791 -0.372906 -0.33549 -0.747429 -0.547288 0.763359
-0.312601 -0.419233 -0.796564 -0.47203 0.604917 0.707886 -0.878475 -0.719657 0.792352 0.618641
0.0715659 -0.138646 0.14305 0.913637 -0.362046 -0.322372 0.656901 0.185654 -0.612415 -0.63506
0.949095 -0.329011 -0.0560677 1.30366 -0.196077 -0.550214 -0.61227 -0.471002 0.684509 0.506821
-0.795883 -0.641751 -0.118879 1.20515 0.310615 -0.0427754 0.411424 -0.723525 0.547439 -0.0811393
-0.845384 -0.500788 0.183357 -0.953349 -0.738607 0.23698 0.81872 -0.495125 0.0236991 0.801282
0.568872 -0.331856 0.354688 -0.290844 -0.339819 0.353609 0.664188 0.41981 -0.62835 0.776816
-1.011 -0.258856 -0.486806 1.01529 0.203199 0.200584 -0.114875 -1.04819 0.289055 -0.619223
0.569624 -0.0413105 0.122578 1.27429 0.157529 0.437515 -0.214909 -1.25154 -0.276832 -0.654084
-0.176493 -0.66578 0.578727 1.12307 0.312422 -0.0399161 -1.19837 -1.86181 -1.14999 -0.925384
0.706999 -0.257029 1.04012 -0.640173 -0.712229 0.441136 -0.0664904 -0.932183 -1.37478 -0.812485
0.450329 -0.997112 -0.678612 0.549673 0.436661 -0.147454 0.497736 -0.517122 -0.722816 0.0784725
0.0704062 0.0738011 0.36737 0.51153 -0.953419 -0.918323 -0.684002 1.0222 -1.20717 -0.926389
-0.737053 -0.610767 -0.271363 0.842961 -0.49783 0.79939 0.0881164 -0.245071 0.484327 0.119987
0.691397 0.61272 0.400372 -0.282317 0.0887878 0.0241496 0.129622 0.0453716 -0.179897 0.794315
-0.546495 -0.850276 0.671926 0.263955 0.038789 0.982421 0.584338 -0.231483 -0.618091 0.636402
&
0.810968 0.808466 -0.752678 -0.348796 -0.765984 -0.765862 0.592273 0.628834 0.626881 -0.0115055
-0.199622 -0.217383 -0.743339 0.478021 0.606861 0.412214 0.640074 0.697073 -0.973022 -0.633534
0.753533 -0.804559 -0.467748 -0.512244 -0.0282812 0.834477 0.203904 0.518916 0.486129 0.930723
0.19895 0.486139 -0.0443855 -0.71629 0.0296661 -0.699543 0.033122 -1.04307 -0.570168 0.69982
-0.810663 0.366027 -0.100906 0.544044 0.756688 -0.663156 -0.550289 -0.923807 -0.983877 0.73571
0.746706 -0.147895 -1.01103 0.713004 -0.765951 -0.209773 -0.223661 -0.294281 -0.928934 -0.164699
-0.261137 -0.102291 -0.491655 -0.432609 1.06901 -0.44684 -0.630787 -1.10033 -1.09165 -0.576088
-0.183193 -1.19363 0.333321 -0.635722 0.970115 1.34475 -0.710562 -0.634919 0.171695 -0.358125
-0.819626 0.539941 0.0289904 0.481134 0.400264 1.16579 0.022309 -1.12248 -0.395278 0.120771
-0.658488 -0.531442 0.391856 -0.20834 -0.335894 -0.0213187 -0.694388 -0.637177 0.637652 -0.926258
-0.225248 0.0202622 0.557703 -1.10484 -0.271012 1.27255 -0.544218 0.0379113 0.645647 -0.839097
0.837825 0.584052 -0.981294 -0.907918 0.666963 -0.225337 -0.666456 -0.56489 0.25263 0.562548
-0.261574 -0.724906 -0.141373 -0.961946 0.116897 -0.712962 -0.00744865 0.290952 -0.787277 -0.118677
-0.230995 -0.63976 0.909665 -0.146327 1.27951 -0.614833 0.659179 -0.787591 -0.839167 -0.270852
-0.0418409 0.945189 -0.464278 0.389752 -0.6805 0.837186 -0.524094 0.426618 0.977599 0.435102
-0.226783 0.500534 -0.528611 -0.0332957 0.658559 -0.154271 0.10831 0.0109561 0.742485 0.697623
&
0.979919 0.899777 0.210059 -0.0408032 0.00302133 0.00430311 0.581591 -0.831965 -0.730949 -0.0616779
0.352702 0.826777 0.302713 -0.0389016 0.755495 0.0887878 -1.02642 0.632435 -0.5562 0.35313
0.363445 0.812067 0.664884 0.499355 1.07017 -0.844008 -0.220332 -0.354154 0.232948 -0.757073
-0.864803 0.254654 0.439272 0.301798 0.94987 -0.336913 0.0873461 1.06484 -0.293971 0.40788
-0.263489 0.406899 0.561041 -0.0588049 0.587277 0.544622 0.339739 1.00339 -0.545669 -0.332251
-1.27898 -1.12692 -0.805189 -0.225051 0.740747 0.909308 -0.186217 0.566145 -0.106803 0.295487
0.0901358 -0.11501 -0.715352 -0.849576 0.325419 -0.14651 -0.209804 0.386959 0.137514 -0.049584
0.587277 -1.23882 -0.368342 -1.1427 -0.191926 -0.384202 0.152474 -0.576093 -0.236525 1.20821
0.0577621 -0.274457 0.190532 0.387804 -0.951917 -0.334842 0.296596 0.51323 -1.41634 1.02236
0.5826 -1.08613 0.30161 -0.738291 -0.602836 -0.0939665 -0.104441 -0.166484 -0.42481 0.278246
0.290933 -0.941221 -1.24773 -0.632876 -0.0427186 0.641426 -0.41127 0.626064 -0.848726 -0.250189
-0.605607 0.200486 -0.387982 -0.0293979 -1.15239 -0.599165 0.0317518 0.50675 -0.709359 -0.623504
-0.236122 -0.577131 -0.566149 0.783042 0.381761 -1.25983 -0.0984454 0.0748808 -1.71073 -0.957029
0.391461 0.517197 0.0676028 -0.619941 0.0605087 0.787215 -0.0812708 0.293426 -0.55973 0.140163
-0.600635 0.195654 -0.407392 -0.590165 0.658235 0.680269 0.560322 0.798648 -0.402917 -0.0840596
0.743583 -0.503098 0.540941 -0.761956 -0.56444 -0.352824 0.587329 0.079928 0.549181 -0.357097
&
-0.1713 0.955443 -0.731864 0.0160833 -0.580004 -0.853023 0.504013 0.755547 0.223609 0.580065
-0.0575884 -0.581347 0.724845 -0.672781 -0.219398 -0.831416 -0.830439 0.444502 0.468978 0.799921
-0.262246 0.701834 0.768731 -0.185156 -0.436201 0.770989 -0.561266 0.613453 0.417707 -0.567064
0.863948 0.858638 -0.141514 -0.633045 -0.0630207 0.079989 -0.327006 -0.915342 0.507187 -0.421308
0.412336 0.570605 0.707511 -0.305094 -0.161901 -0.807123 -0.526414 -0.498581 0.0920133 -0.55443
-0.433515 0.9859 -0.600085 -0.914304 -0.588366 0.783074 -0.876034 -0.773003 -0.933103 -0.478988
-0.0253609 0.953856 0.632069 -0.15714 0.195715 0.0163274 0.412091 -0.833491 -0.465926 0.170812
-0.853023 0.245827 -0.19248 0.726737 -0.379742 -0.405622 -0.117649 0.863338 -0.0408643 0.835566
-0.126072 0.278481 -0.0616169 -0.959593 0.382366 0.73162 0.600696 -0.883053 -0.424543 0.0442824
0.506149 0.311991 -0.0674764 -0.880367 0.922544 -0.110813 -0.539964 -0.455489 -0.72985 0.0456252
-0.806879 0.335551 -0.867061 -0.871578 -0.205542 -0.607349 0.148045 -0.784722 -0.936949 0.2219
0.0873135 -0.879391 -0.833796 -0.509629 0.442427 0.889767 -0.593799 -0.0240791 -0.173437 0.844356
-0.665151 0.473128 0.504929 -0.759453 0.0281686 -0.780084 0.366558 -0.396466 0.333598 0.405194
-0.349712 -0.200171 -0.0973235 0.321635 0.737053 -0.0893887 -0.179052 0.725211 0.320658 0.968322
0.648427 -0.0356151 0.27073 -0.381146 0.682241 -0.558702 0.49913 0.772637 0.255165 -0.0324412
0.14243 -0.69451 0.881039 -0.423322 0.37431 0.873714 -0.939207 -0.6433 -0.841914 0.904416
&
